path,name,x3a_classification,sha256,decode_status,decode_error,actual_schema,authority_type,authority_label,authority_rank,rows,start_utc,end_utc,duration_s,timestamp_violations,valid_bbo_rows,valid_bbo_pct,spread_median_ticks,spread_p90_ticks,spread_p99_ticks,spread_max_ticks,top_depth_median,top_depth_p10,top_depth_p90,bid_size_median,ask_size_median,imbalance_abs_median,event_gap_median_ms,event_gap_p95_ms,event_gap_max_ms,event_rate_per_s,quote_change_rate,recv_minus_event_median_us,recv_minus_event_p95_us,instrument_count,symbol_count,authority_rank_num,reported_start_utc,reported_end_utc,reported_start_et,reported_end_et,filename_date_tokens,path_block_hint,reported_overlap_COVID_2020,reported_overlap_AUG_2025,reported_overlap_SEP_2025
C:\FLIP_FLOP_HQ\01_INBOX\market_data\raw\BLOCK_2025_08_03_TO_08_15\EXTRACTED_78af6a3aea7e\glbx-mdp3-20250803.tbbo.dbn.zst,glbx-mdp3-20250803.tbbo.dbn.zst,DBN_HIGH_DETAIL,10A66B1F3C7489B3CEBDEC19B21B8602FA84E14BC34C717ADD60DF0DF84E92AC,PASS,,tbbo,TBBO,L1_TRADE_SPACE_AUTHORITY,2,13823,2025-08-03T22:00:00+00:00,2025-08-03T23:59:58.554857505+00:00,7198.554857,0,13822,99.99276568038776,3.0,6.0,9.0,35.0,3.0,2.0,5.0,1.0,1.0,0.3333333333333333,20.937803000000002,2592.1137669999994,24454.251356,1.920246532060289,0.7021923160408075,312.631,1472.4387999999983,3.0,3.0,2,2025-08-03 22:00:00+00:00,2025-08-03 23:59:58.554857505+00:00,2025-08-03 18:00:00-04:00,2025-08-03 19:59:58.554857505-04:00,2025-08-03|2025-08,AUG_2025,False,True,False
C:\FLIP_FLOP_HQ\01_INBOX\market_data\raw\BLOCK_2025_08_03_TO_08_15\EXTRACTED_78af6a3aea7e\glbx-mdp3-20250804.tbbo.dbn.zst,glbx-mdp3-20250804.tbbo.dbn.zst,DBN_HIGH_DETAIL,A254010E9FBCF96261604F4240F65ACB1637555252EECABC6CF91EF857D0C4CC,PASS,,tbbo,TBBO,L1_TRADE_SPACE_AUTHORITY,2,294160,2025-08-04T00:00:00.035161229+00:00,2025-08-04T23:59:54.763546381+00:00,86394.728385,2,294159,99.99966004895295,2.0,3.0,5.0,144.0,4.0,2.0,8.0,2.0,2.0,0.3333333333333333,14.280332,1351.3626484000001,3601981.507753,3.4048373725898835,0.6684706858219053,261.5675,1841.0090999999998,6.0,6.0,2,,2025-08-04 23:59:54.763546381+00:00,,2025-08-04 19:59:54.763546381-04:00,2025-08-03|2025-08-04|2025-08,AUG_2025,False,False,False
C:\FLIP_FLOP_HQ\01_INBOX\market_data\raw\BLOCK_2025_08_03_TO_08_15\EXTRACTED_78af6a3aea7e\glbx-mdp3-20250805.tbbo.dbn.zst,glbx-mdp3-20250805.tbbo.dbn.zst,DBN_HIGH_DETAIL,AE2D82C09D745E35B43B50C0E1A4D3E50E230C45EF961EBA3D901B3497421ADE,PASS,,tbbo,TBBO,L1_TRADE_SPACE_AUTHORITY,2,357057,2025-08-05T00:00:00.006165429+00:00,2025-08-05T23:59:59.422599571+00:00,86399.416434,9,357054,99.99915979801544,2.0,3.0,6.0,141.0,4.0,2.0,8.0,2.0,2.0,0.3333333333333333,11.515696,949.0867786000001,3600077.935101,4.1326320794394915,0.6771179628794605,268.771,2047.2696000000021,5.0,5.0,2,,2025-08-05 23:59:59.422599571+00:00,,2025-08-05 19:59:59.422599571-04:00,2025-08-03|2025-08-05|2025-08,AUG_2025,False,False,False
C:\FLIP_FLOP_HQ\01_INBOX\market_data\raw\BLOCK_2025_08_03_TO_08_15\EXTRACTED_78af6a3aea7e\glbx-mdp3-20250806.tbbo.dbn.zst,glbx-mdp3-20250806.tbbo.dbn.zst,DBN_HIGH_DETAIL,ABCAFE6F3A9C54544EB630886101E6CFFC8078982D282F873E64A3B4621A5175,PASS,,tbbo,TBBO,L1_TRADE_SPACE_AUTHORITY,2,337093,2025-08-06T00:00:00.051736401+00:00,2025-08-06T23:59:59.134410529+00:00,86399.082674,4,337092,99.99970334596091,2.0,3.0,6.0,84.0,4.0,2.0,8.0,2.0,2.0,0.3333333333333333,12.751158,1132.1547469999975,3600330.270093,3.901580775711651,0.6634914607628207,266.465,1997.6325999999958,4.0,4.0,2,,2025-08-06 23:59:59.134410529+00:00,,2025-08-06 19:59:59.134410529-04:00,2025-08-03|2025-08-06|2025-08,AUG_2025,False,False,False
C:\FLIP_FLOP_HQ\01_INBOX\market_data\raw\BLOCK_2025_08_03_TO_08_15\EXTRACTED_78af6a3aea7e\glbx-mdp3-20250807.tbbo.dbn.zst,glbx-mdp3-20250807.tbbo.dbn.zst,DBN_HIGH_DETAIL,4C3DD716D53CA136D1CC3EF5E83C3894FD87B6ECA31365797C5E1258DEB74B31,PASS,,tbbo,TBBO,L1_TRADE_SPACE_AUTHORITY,2,369418,2025-08-07T00:00:00.000847487+00:00,2025-08-07T23:59:49.920580369+00:00,86389.919732,8,369417,99.99972930393213,2.0,3.0,5.0,72.0,4.0,2.0,7.0,2.0,2.0,0.3333333333333333,12.086082,972.1125459999994,3600521.577429,4.2761701960832195,0.6946883729995452,275.714,2282.4736999999996,4.0,4.0,2,,2025-08-07 23:59:49.920580369+00:00,,2025-08-07 19:59:49.920580369-04:00,2025-08-03|2025-08-07|2025-08,AUG_2025,False,False,False
C:\FLIP_FLOP_HQ\01_INBOX\market_data\raw\BLOCK_2025_08_03_TO_08_15\EXTRACTED_78af6a3aea7e\glbx-mdp3-20250808.tbbo.dbn.zst,glbx-mdp3-20250808.tbbo.dbn.zst,DBN_HIGH_DETAIL,5F26371B721B4FAA52E85C79F38EAA0F79C7EFC6261C36F70876AC170FEDE98A,PASS,,tbbo,TBBO,L1_TRADE_SPACE_AUTHORITY,2,274682,2025-08-08T00:00:00.028349757+00:00,2025-08-08T20:59:58.477286871+00:00,75598.448937,8,274682,100.0,2.0,3.0,4.0,63.0,5.0,2.0,10.0,2.0,2.0,0.3333333333333333,16.067694,1119.8158131999983,44740.91822,3.633434334465068,0.642585399062913,254.1035,1682.203899999999,4.0,4.0,2,,2025-08-08 20:59:58.477286871+00:00,,2025-08-08 16:59:58.477286871-04:00,2025-08-03|2025-08-08|2025-08,AUG_2025,False,False,False
C:\FLIP_FLOP_HQ\01_INBOX\market_data\raw\BLOCK_2025_08_03_TO_08_15\EXTRACTED_78af6a3aea7e\glbx-mdp3-20250810.tbbo.dbn.zst,glbx-mdp3-20250810.tbbo.dbn.zst,DBN_HIGH_DETAIL,8E5FD256D9C4E8FDDCB776DC64F3D8897DD77BD874096EF07EF24BE579F160EA,PASS,,tbbo,TBBO,L1_TRADE_SPACE_AUTHORITY,2,6999,2025-08-10T22:00:00+00:00,2025-08-10T23:59:55.124086645+00:00,7195.124086,0,6998,99.98571224460638,3.0,7.0,15.0,38.0,3.0,2.0,6.0,1.0,1.0,0.3333333333333333,87.918968,5143.771742599994,39103.530958,0.9727420842704283,0.6787194511933686,286.812,1162.035599999998,2.0,2.0,2,2025-08-10 22:00:00+00:00,2025-08-10 23:59:55.124086645+00:00,2025-08-10 18:00:00-04:00,2025-08-10 19:59:55.124086645-04:00,2025-08-03|2025-08-10|2025-08,AUG_2025,False,True,False
C:\FLIP_FLOP_HQ\01_INBOX\market_data\raw\BLOCK_2025_08_03_TO_08_15\EXTRACTED_78af6a3aea7e\glbx-mdp3-20250811.tbbo.dbn.zst,glbx-mdp3-20250811.tbbo.dbn.zst,DBN_HIGH_DETAIL,2235BEF254BE2B69918701F5AC65B32E82404642E3014904988E4D4582FF3789,PASS,,tbbo,TBBO,L1_TRADE_SPACE_AUTHORITY,2,276524,2025-08-11T00:00:00.103140575+00:00,2025-08-11T23:59:54.804105753+00:00,86394.700965,6,276523,99.99963836773662,2.0,3.0,4.0,74.0,5.0,2.0,9.0,2.0,2.0,0.3333333333333333,14.551272,1265.296306000001,3600451.689601,3.2007055630880035,0.6520096050223853,255.3635,1713.756499999998,4.0,4.0,2,,2025-08-11 23:59:54.804105753+00:00,,2025-08-11 19:59:54.804105753-04:00,2025-08-03|2025-08-11|2025-08,AUG_2025,False,False,False
C:\FLIP_FLOP_HQ\01_INBOX\market_data\raw\BLOCK_2025_08_03_TO_08_15\EXTRACTED_78af6a3aea7e\glbx-mdp3-20250812.tbbo.dbn.zst,glbx-mdp3-20250812.tbbo.dbn.zst,DBN_HIGH_DETAIL,EC21E3375FE890AB2588B62F364D691955ED6F98109C0AD81C1084AEEB053E38,PASS,,tbbo,TBBO,L1_TRADE_SPACE_AUTHORITY,2,311737,2025-08-12T00:00:00.037241223+00:00,2025-08-12T23:59:57.481830393+00:00,86397.444589,9,311736,99.99967921677568,2.0,3.0,8.0,420.0,4.0,2.0,10.0,2.0,2.0,0.3333333333333333,13.38811,1001.9195888000004,3600880.406239,3.6081738468418765,0.6526280334258264,259.618,1907.4456000000032,6.0,6.0,2,,2025-08-12 23:59:57.481830393+00:00,,2025-08-12 19:59:57.481830393-04:00,2025-08-03|2025-08-12|2025-08,AUG_2025,False,False,False
C:\FLIP_FLOP_HQ\01_INBOX\market_data\raw\BLOCK_2025_08_03_TO_08_15\EXTRACTED_78af6a3aea7e\glbx-mdp3-20250813.tbbo.dbn.zst,glbx-mdp3-20250813.tbbo.dbn.zst,DBN_HIGH_DETAIL,9A38BD524F8EF8DA3F8EB3CFBA2C78D0BF3B1C6243CF1F360CEF26E10206BC23,PASS,,tbbo,TBBO,L1_TRADE_SPACE_AUTHORITY,2,289165,2025-08-13T00:00:00.004277899+00:00,2025-08-13T23:59:58.836156381+00:00,86398.831878,5,289164,99.99965417668113,2.0,3.0,4.0,68.0,5.0,2.0,9.0,2.0,2.0,0.3333333333333333,15.534592,1138.2237333999974,3601791.309389,3.3468623789765726,0.6462963795506341,250.931,1423.9239999999993,4.0,4.0,2,,2025-08-13 23:59:58.836156381+00:00,,2025-08-13 19:59:58.836156381-04:00,2025-08-03|2025-08-13|2025-08,AUG_2025,False,False,False
C:\FLIP_FLOP_HQ\01_INBOX\market_data\raw\BLOCK_2025_08_03_TO_08_15\EXTRACTED_78af6a3aea7e\glbx-mdp3-20250814.tbbo.dbn.zst,glbx-mdp3-20250814.tbbo.dbn.zst,DBN_HIGH_DETAIL,963F6910CAEBF84BE7E6546ACE6EC9A66290B1F9BC9EF0F69FE3182F6F597AD1,PASS,,tbbo,TBBO,L1_TRADE_SPACE_AUTHORITY,2,318944,2025-08-14T00:00:00.120158321+00:00,2025-08-14T23:59:56.602032743+00:00,86396.481874,4,318943,99.99968646533561,2.0,3.0,6.0,380.0,4.0,2.0,9.0,2.0,2.0,0.3333333333333333,13.93079,862.4054521999998,3600092.875775,3.691631801224795,0.6626972929247325,256.30449999999996,1690.6708499999986,5.0,5.0,2,,2025-08-14 23:59:56.602032743+00:00,,2025-08-14 19:59:56.602032743-04:00,2025-08-03|2025-08-14|2025-08,AUG_2025,False,False,False
C:\FLIP_FLOP_HQ\01_INBOX\market_data\raw\BLOCK_2025_08_03_TO_08_15\EXTRACTED_78af6a3aea7e\glbx-mdp3-20250815.tbbo.dbn.zst,glbx-mdp3-20250815.tbbo.dbn.zst,DBN_HIGH_DETAIL,E2619FE23B415A0737EC0FD9686FF39C5CD28606B0D4D16EF2EB7A116F709734,PASS,,tbbo,TBBO,L1_TRADE_SPACE_AUTHORITY,2,275563,2025-08-15T00:00:00.052814871+00:00,2025-08-15T20:59:59.613213185+00:00,75599.560398,6,275563,100.0,2.0,3.0,6.0,652.0,4.0,2.0,9.0,2.0,2.0,0.3333333333333333,12.816310999999999,1073.1338465000001,45970.990392,3.645034422809819,0.6631756192798717,257.148,1722.197899999999,7.0,7.0,2,,2025-08-15 20:59:59.613213185+00:00,,2025-08-15 16:59:59.613213185-04:00,2025-08-03|2025-08-15|2025-08,AUG_2025,False,False,False
C:\FLIP_FLOP_HQ\01_INBOX\market_data\raw\BLOCK_2025_09_14_TO_09_19\EXTRACTED_696a2d5ed7ad\glbx-mdp3-20250914.tbbo.NQH6.dbn.zst,glbx-mdp3-20250914.tbbo.NQH6.dbn.zst,DBN_HIGH_DETAIL,F38234DAF6AE92FED18951CBC8B1DA41A7A6BA24EE68EB6C218AA99C0351C43C,PASS,,tbbo,TBBO,L1_TRADE_SPACE_AUTHORITY,2,1,2025-09-14T22:13:03.913630455+00:00,2025-09-14T22:13:03.913630455+00:00,0.0,0,1,100.0,42.0,42.0,42.0,42.0,3.0,3.0,3.0,1.0,2.0,0.3333333333333333,,,,,,329.122,329.122,1.0,1.0,2,,2025-09-14 22:13:03.913630455+00:00,,2025-09-14 18:13:03.913630455-04:00,2025-09-14|2025-09,SEP_2025,False,False,False
C:\FLIP_FLOP_HQ\01_INBOX\market_data\raw\BLOCK_2025_09_14_TO_09_19\EXTRACTED_696a2d5ed7ad\glbx-mdp3-20250914.tbbo.NQU5-NQZ5.dbn.zst,glbx-mdp3-20250914.tbbo.NQU5-NQZ5.dbn.zst,DBN_HIGH_DETAIL,F43E21B627A46E3A4A1A385CBE9DAD7711ACA0ABA5ACE4C8FB75C9B776D5E161,PASS,,tbbo,TBBO,L1_TRADE_SPACE_AUTHORITY,2,111,2025-09-14T22:00:00+00:00,2025-09-14T23:57:15.324508021+00:00,7035.324508,0,110,99.09909909909909,0.7999999999999545,1.7999999999999545,2.56399999999991,2.800000000000068,4.0,2.0,8.100000000000009,2.0,2.0,0.3333333333333333,9783.385107,313342.55579709995,1203872.095052,0.015777523819090335,0.5871559633027523,689.995,5852.344,1.0,1.0,2,2025-09-14 22:00:00+00:00,2025-09-14 23:57:15.324508021+00:00,2025-09-14 18:00:00-04:00,2025-09-14 19:57:15.324508021-04:00,2025-09-14|2025-09,SEP_2025,False,False,True
C:\FLIP_FLOP_HQ\01_INBOX\market_data\raw\BLOCK_2025_09_14_TO_09_19\EXTRACTED_696a2d5ed7ad\glbx-mdp3-20250914.tbbo.NQU5.dbn.zst,glbx-mdp3-20250914.tbbo.NQU5.dbn.zst,DBN_HIGH_DETAIL,5DA348E1878129AC8FF88F6D7DE5BC431C7FD7CE06DB1530F2955DA1082E7152,PASS,,tbbo,TBBO,L1_TRADE_SPACE_AUTHORITY,2,3588,2025-09-14T22:00:00+00:00,2025-09-14T23:59:53.989700227+00:00,7193.9897,0,3587,99.97212931995541,2.0,4.0,27.0,44.0,3.0,2.0,6.0,2.0,2.0,0.3333333333333333,344.128032,9673.471588199998,69948.71185,0.4987496715487374,0.6550474065811489,292.786,1553.3422499999997,1.0,1.0,2,2025-09-14 22:00:00+00:00,2025-09-14 23:59:53.989700227+00:00,2025-09-14 18:00:00-04:00,2025-09-14 19:59:53.989700227-04:00,2025-09-14|2025-09,SEP_2025,False,False,True
C:\FLIP_FLOP_HQ\01_INBOX\market_data\raw\BLOCK_2025_09_14_TO_09_19\EXTRACTED_696a2d5ed7ad\glbx-mdp3-20250914.tbbo.NQZ5.dbn.zst,glbx-mdp3-20250914.tbbo.NQZ5.dbn.zst,DBN_HIGH_DETAIL,EA4F513D8797EC945CE8491F923BC649A7633086B15F3BCEC70F5394CDD0A5CB,PASS,,tbbo,TBBO,L1_TRADE_SPACE_AUTHORITY,2,1690,2025-09-14T22:00:00+00:00,2025-09-14T23:59:53.989416597+00:00,7193.989416,0,1689,99.94082840236686,3.0,6.0,34.0,139.0,2.0,2.0,5.0,1.0,1.0,0.0,765.886168,20342.163059199993,95401.654218,0.23491833282952942,0.7511848341232228,348.20849999999996,2175.1264499999993,1.0,1.0,2,2025-09-14 22:00:00+00:00,2025-09-14 23:59:53.989416597+00:00,2025-09-14 18:00:00-04:00,2025-09-14 19:59:53.989416597-04:00,2025-09-14|2025-09,SEP_2025,False,False,True
C:\FLIP_FLOP_HQ\01_INBOX\market_data\raw\BLOCK_2025_09_14_TO_09_19\EXTRACTED_696a2d5ed7ad\glbx-mdp3-20250915.tbbo.NQH6.dbn.zst,glbx-mdp3-20250915.tbbo.NQH6.dbn.zst,DBN_HIGH_DETAIL,CF134FFCCF648D6C5D0B9E870F6C2FC609B74A21829A3C01F61A58900B15D603,PASS,,tbbo,TBBO,L1_TRADE_SPACE_AUTHORITY,2,29,2025-09-15T03:24:44.839969711+00:00,2025-09-15T23:49:21.921800487+00:00,73477.08183,0,29,100.0,17.0,42.599999999999994,47.44,48.0,3.0,2.8000000000000003,4.199999999999999,2.0,2.0,0.3333333333333333,895743.57223,10929651.187983295,14931374.07196,0.00039468088930226915,1.0,306.549,4570.648799999992,1.0,1.0,2,,2025-09-15 23:49:21.921800487+00:00,,2025-09-15 19:49:21.921800487-04:00,2025-09-14|2025-09-15|2025-09,SEP_2025,False,False,False
C:\FLIP_FLOP_HQ\01_INBOX\market_data\raw\BLOCK_2025_09_14_TO_09_19\EXTRACTED_696a2d5ed7ad\glbx-mdp3-20250915.tbbo.NQU5-NQH6.dbn.zst,glbx-mdp3-20250915.tbbo.NQU5-NQH6.dbn.zst,DBN_HIGH_DETAIL,C2A82810B505A740943CCC8CB0014928693F054D04D4D1448DDF86ACB1351727,PASS,,tbbo,TBBO,L1_TRADE_SPACE_AUTHORITY,2,10,2025-09-15T08:23:13.185801431+00:00,2025-09-15T19:19:46.416851685+00:00,39393.23105,0,10,100.0,23.699999999999932,31.440000000000076,31.763999999999967,31.799999999999955,3.0,3.0,15.2,2.0,1.0,0.3333333333333333,3327685.329022,13364037.951956,13800229.905944,0.0002538507183456839,1.0,327.515,744.1603499999993,1.0,1.0,2,,2025-09-15 19:19:46.416851685+00:00,,2025-09-15 15:19:46.416851685-04:00,2025-09-14|2025-09-15|2025-09,SEP_2025,False,False,False
C:\FLIP_FLOP_HQ\01_INBOX\market_data\raw\BLOCK_2025_09_14_TO_09_19\EXTRACTED_696a2d5ed7ad\glbx-mdp3-20250915.tbbo.NQU5-NQZ5.dbn.zst,glbx-mdp3-20250915.tbbo.NQU5-NQZ5.dbn.zst,DBN_HIGH_DETAIL,AD614E70FA268CB4A5200AB190AD3E5B99114F74BB0F9C11B3CC2918F1821C46,PASS,,tbbo,TBBO,L1_TRADE_SPACE_AUTHORITY,2,29420,2025-09-15T00:00:01.365485533+00:00,2025-09-15T23:58:52.972542497+00:00,86331.607056,0,29419,99.99660095173351,0.20000000000004547,0.40000000000009095,0.8000000000000682,2.6000000000000227,33.0,7.0,120.0,15.0,15.0,0.38333333333333336,33.942068,9677.891535999996,3609995.997479,0.34077901481570216,0.259399007410429,314.9645,1291.87695,1.0,1.0,2,,2025-09-15 23:58:52.972542497+00:00,,2025-09-15 19:58:52.972542497-04:00,2025-09-14|2025-09-15|2025-09,SEP_2025,False,False,False
C:\FLIP_FLOP_HQ\01_INBOX\market_data\raw\BLOCK_2025_09_14_TO_09_19\EXTRACTED_696a2d5ed7ad\glbx-mdp3-20250915.tbbo.NQU5.dbn.zst,glbx-mdp3-20250915.tbbo.NQU5.dbn.zst,DBN_HIGH_DETAIL,5967C31AC71F5E78ECF490C82CE238AD27F473F9B7906766C246E5F1E5A88A3E,PASS,,tbbo,TBBO,L1_TRADE_SPACE_AUTHORITY,2,140511,2025-09-15T00:00:00.844056937+00:00,2025-09-15T23:59:41.929284347+00:00,86381.085227,0,140510,99.99928831194711,2.0,3.0,5.0,32.0,4.0,2.0,8.0,2.0,2.0,0.3333333333333333,67.335024,2492.373270399999,3603967.790287,1.6266408280325784,0.6667686767395683,265.394,2357.6675,1.0,1.0,2,,2025-09-15 23:59:41.929284347+00:00,,2025-09-15 19:59:41.929284347-04:00,2025-09-14|2025-09-15|2025-09,SEP_2025,False,False,False
C:\FLIP_FLOP_HQ\01_INBOX\market_data\raw\BLOCK_2025_09_14_TO_09_19\EXTRACTED_696a2d5ed7ad\glbx-mdp3-20250915.tbbo.NQZ5-NQH6.dbn.zst,glbx-mdp3-20250915.tbbo.NQZ5-NQH6.dbn.zst,DBN_HIGH_DETAIL,B22C411078E71185F99BA9D83B49290769A5B2066E696B9D8C26ED0E4D0516B7,PASS,,tbbo,TBBO,L1_TRADE_SPACE_AUTHORITY,2,17,2025-09-15T03:24:44.839973859+00:00,2025-09-15T23:49:21.922089683+00:00,73477.082115,0,17,100.0,15.400000000000091,21.0,31.41599999999998,33.39999999999998,3.0,2.6,18.0,1.0,2.0,0.3333333333333333,121656.53291899999,15187726.4052925,15189272.917348,0.0002313646583487497,0.875,385.714,1472.0085999999965,1.0,1.0,2,,2025-09-15 23:49:21.922089683+00:00,,2025-09-15 19:49:21.922089683-04:00,2025-09-14|2025-09-15|2025-09,SEP_2025,False,False,False
C:\FLIP_FLOP_HQ\01_INBOX\market_data\raw\BLOCK_2025_09_14_TO_09_19\EXTRACTED_696a2d5ed7ad\glbx-mdp3-20250915.tbbo.NQZ5.dbn.zst,glbx-mdp3-20250915.tbbo.NQZ5.dbn.zst,DBN_HIGH_DETAIL,56532D0C44D455B22B6D0F4A3E71B69C0A3E61089DD307CD2EE816091DA31A99,PASS,,tbbo,TBBO,L1_TRADE_SPACE_AUTHORITY,2,150692,2025-09-15T00:00:00.845084915+00:00,2025-09-15T23:59:52.147680009+00:00,86391.302595,0,150691,99.99933639476548,2.0,3.0,5.0,20.0,4.0,2.0,7.0,2.0,2.0,0.3333333333333333,34.392556,2234.330214,3600141.272999,1.7442959588934532,0.6982016059459818,278.682,2900.2421999999997,1.0,1.0,2,,2025-09-15 23:59:52.147680009+00:00,,2025-09-15 19:59:52.147680009-04:00,2025-09-14|2025-09-15|2025-09,SEP_2025,False,False,False
C:\FLIP_FLOP_HQ\01_INBOX\market_data\raw\BLOCK_2025_09_14_TO_09_19\EXTRACTED_696a2d5ed7ad\glbx-mdp3-20250915.tbbo.NQZ7.dbn.zst,glbx-mdp3-20250915.tbbo.NQZ7.dbn.zst,DBN_HIGH_DETAIL,648199A805B838E0EC504827402BEDBB257733B1083DD891B6DB65A6FF928B7E,PASS,,tbbo,TBBO,L1_TRADE_SPACE_AUTHORITY,2,1,2025-09-15T18:56:26.338746159+00:00,2025-09-15T18:56:26.338746159+00:00,0.0,0,1,100.0,40.0,40.0,40.0,40.0,2.0,2.0,2.0,1.0,1.0,0.0,,,,,,256.244,256.244,1.0,1.0,2,,2025-09-15 18:56:26.338746159+00:00,,2025-09-15 14:56:26.338746159-04:00,2025-09-14|2025-09-15|2025-09,SEP_2025,False,False,False
C:\FLIP_FLOP_HQ\01_INBOX\market_data\raw\BLOCK_2025_09_14_TO_09_19\EXTRACTED_696a2d5ed7ad\glbx-mdp3-20250916.tbbo.NQH6.dbn.zst,glbx-mdp3-20250916.tbbo.NQH6.dbn.zst,DBN_HIGH_DETAIL,2F38165A50B6CE6C34F647F6BD7E2DCEF702460613B0F93BBE77FE987A51235A,PASS,,tbbo,TBBO,L1_TRADE_SPACE_AUTHORITY,2,33,2025-09-16T00:33:16.170385003+00:00,2025-09-16T19:59:32.910843421+00:00,69976.740458,0,33,100.0,16.0,45.400000000000006,93.32,109.0,4.0,3.0,6.0,1.0,2.0,0.3333333333333333,318763.782734,10002338.940323897,17034062.69185,0.00047158526939114265,1.0,240.876,2383.1951999999974,1.0,1.0,2,,2025-09-16 19:59:32.910843421+00:00,,2025-09-16 15:59:32.910843421-04:00,2025-09-14|2025-09-16|2025-09,SEP_2025,False,False,False
C:\FLIP_FLOP_HQ\01_INBOX\market_data\raw\BLOCK_2025_09_14_TO_09_19\EXTRACTED_696a2d5ed7ad\glbx-mdp3-20250916.tbbo.NQU5-NQH6.dbn.zst,glbx-mdp3-20250916.tbbo.NQU5-NQH6.dbn.zst,DBN_HIGH_DETAIL,CF76A4FD7149EA3AEDBFF2D985FC2C81DD251E159FAC64B4C208D580D7E23882,PASS,,tbbo,TBBO,L1_TRADE_SPACE_AUTHORITY,2,4,2025-09-16T08:57:35.647804617+00:00,2025-09-16T18:05:39.748688473+00:00,32884.100883,0,4,100.0,19.0,24.200000000000003,25.82,26.0,10.0,2.3,17.7,1.0,8.5,0.6078431372549019,11709459.432668,16090619.806274598,16577415.403342,0.00012163933002856918,1.0,1380.915,1783.5088,1.0,1.0,2,,2025-09-16 18:05:39.748688473+00:00,,2025-09-16 14:05:39.748688473-04:00,2025-09-14|2025-09-16|2025-09,SEP_2025,False,False,False
C:\FLIP_FLOP_HQ\01_INBOX\market_data\raw\BLOCK_2025_09_14_TO_09_19\EXTRACTED_696a2d5ed7ad\glbx-mdp3-20250916.tbbo.NQU5-NQZ5.dbn.zst,glbx-mdp3-20250916.tbbo.NQU5-NQZ5.dbn.zst,DBN_HIGH_DETAIL,E647A4F2A8680443A6511E535C9E2B7D2EF535D2D6B5BC67DDD8125F68EF3083,PASS,,tbbo,TBBO,L1_TRADE_SPACE_AUTHORITY,2,28469,2025-09-16T00:01:47.045918255+00:00,2025-09-16T23:53:10.408786005+00:00,85883.362867,0,28468,99.99648740735537,0.20000000000004547,0.6000000000000227,1.0,2.6000000000000227,21.0,6.0,128.0,8.0,10.0,0.4117647058823529,242.360514,10343.228572099986,3606957.467855,0.33148445810264127,0.2430884884251941,321.747,813.6913999999996,1.0,1.0,2,,2025-09-16 23:53:10.408786005+00:00,,2025-09-16 19:53:10.408786005-04:00,2025-09-14|2025-09-16|2025-09,SEP_2025,False,False,False
C:\FLIP_FLOP_HQ\01_INBOX\market_data\raw\BLOCK_2025_09_14_TO_09_19\EXTRACTED_696a2d5ed7ad\glbx-mdp3-20250916.tbbo.NQU5.dbn.zst,glbx-mdp3-20250916.tbbo.NQU5.dbn.zst,DBN_HIGH_DETAIL,D8E588B9D919A986C513D812EC017D141388EBCD2FC27D9C618BD7E4C6EE6537,PASS,,tbbo,TBBO,L1_TRADE_SPACE_AUTHORITY,2,65526,2025-09-16T00:00:01.046166575+00:00,2025-09-16T23:59:51.036327247+00:00,86389.99016,0,65525,99.99847388822758,2.0,3.0,5.0,54.0,3.0,2.0,6.0,1.0,1.0,0.3333333333333333,163.753754,5870.0452455999975,3601691.152837,0.7584906524313928,0.7275959953604786,278.438,2502.9902500000003,1.0,1.0,2,,2025-09-16 23:59:51.036327247+00:00,,2025-09-16 19:59:51.036327247-04:00,2025-09-14|2025-09-16|2025-09,SEP_2025,False,False,False
C:\FLIP_FLOP_HQ\01_INBOX\market_data\raw\BLOCK_2025_09_14_TO_09_19\EXTRACTED_696a2d5ed7ad\glbx-mdp3-20250916.tbbo.NQZ5-NQH6.dbn.zst,glbx-mdp3-20250916.tbbo.NQZ5-NQH6.dbn.zst,DBN_HIGH_DETAIL,7791A084BDBFFD4A4886F768F96C4A56A59481E0A500A9B600045C4E332E1F70,PASS,,tbbo,TBBO,L1_TRADE_SPACE_AUTHORITY,2,3,2025-09-16T06:00:35.918859489+00:00,2025-09-16T14:50:16.194084277+00:00,31780.275224,0,3,100.0,19.199999999999932,19.199999999999932,19.199999999999932,19.199999999999932,5.0,4.2,14.600000000000001,2.0,2.0,0.2,15890137.612394,30191261.0291834,31780274.74216,9.439817556187946e-05,0.5,859.903,1012.5016,1.0,1.0,2,,2025-09-16 14:50:16.194084277+00:00,,2025-09-16 10:50:16.194084277-04:00,2025-09-14|2025-09-16|2025-09,SEP_2025,False,False,False
C:\FLIP_FLOP_HQ\01_INBOX\market_data\raw\BLOCK_2025_09_14_TO_09_19\EXTRACTED_696a2d5ed7ad\glbx-mdp3-20250916.tbbo.NQZ5.dbn.zst,glbx-mdp3-20250916.tbbo.NQZ5.dbn.zst,DBN_HIGH_DETAIL,5AA6FA9651F546335EA7A5C020EF62EB4FFBED2F3B260E53A1786401CDE8E510,PASS,,tbbo,TBBO,L1_TRADE_SPACE_AUTHORITY,2,204051,2025-09-16T00:00:00.113187137+00:00,2025-09-16T23:59:51.036309499+00:00,86390.923122,0,204050,99.99950992643996,2.0,2.0,4.0,47.0,5.0,2.0,9.0,2.0,2.0,0.3333333333333333,23.168104,1701.5706761,3601377.229399,2.3619495269409514,0.6427671784718376,276.612,2329.418,1.0,1.0,2,,2025-09-16 23:59:51.036309499+00:00,,2025-09-16 19:59:51.036309499-04:00,2025-09-14|2025-09-16|2025-09,SEP_2025,False,False,False
C:\FLIP_FLOP_HQ\01_INBOX\market_data\raw\BLOCK_2025_09_14_TO_09_19\EXTRACTED_696a2d5ed7ad\glbx-mdp3-20250917.tbbo.NQH6.dbn.zst,glbx-mdp3-20250917.tbbo.NQH6.dbn.zst,DBN_HIGH_DETAIL,5B1E9B2B37148003D7EB5C71C3E874D58DFAA171B6F82CBF1015EB1B64DE274B,PASS,,tbbo,TBBO,L1_TRADE_SPACE_AUTHORITY,2,63,2025-09-17T00:00:34.863905755+00:00,2025-09-17T23:46:01.035871237+00:00,85526.171965,0,63,100.0,17.0,51.800000000000004,101.32000000000029,172.0,4.0,2.0,5.800000000000004,2.0,2.0,0.3333333333333333,146487.797686,5984109.832085694,40340333.290932,0.000736616623339363,0.9193548387096774,411.503,14208.2166,1.0,1.0,2,,2025-09-17 23:46:01.035871237+00:00,,2025-09-17 19:46:01.035871237-04:00,2025-09-14|2025-09-17|2025-09,SEP_2025,False,False,False
C:\FLIP_FLOP_HQ\01_INBOX\market_data\raw\BLOCK_2025_09_14_TO_09_19\EXTRACTED_696a2d5ed7ad\glbx-mdp3-20250917.tbbo.NQU5-NQH6.dbn.zst,glbx-mdp3-20250917.tbbo.NQU5-NQH6.dbn.zst,DBN_HIGH_DETAIL,547BCBDC5170D9CA43F0EF74199167652BBBEED4A04223537407C811B2497C80,PASS,,tbbo,TBBO,L1_TRADE_SPACE_AUTHORITY,2,6,2025-09-17T15:39:56.646610545+00:00,2025-09-17T16:31:36.660740781+00:00,3100.01413,0,6,100.0,5.7999999999999545,9.399999999999977,12.639999999999999,13.0,15.5,13.5,19.5,13.5,2.0,0.7416666666666667,47.996298,2373762.1156947995,2922978.723892,0.0019354750489475995,0.2,305.067,326.8225,1.0,1.0,2,,2025-09-17 16:31:36.660740781+00:00,,2025-09-17 12:31:36.660740781-04:00,2025-09-14|2025-09-17|2025-09,SEP_2025,False,False,False
C:\FLIP_FLOP_HQ\01_INBOX\market_data\raw\BLOCK_2025_09_14_TO_09_19\EXTRACTED_696a2d5ed7ad\glbx-mdp3-20250917.tbbo.NQU5-NQZ5.dbn.zst,glbx-mdp3-20250917.tbbo.NQU5-NQZ5.dbn.zst,DBN_HIGH_DETAIL,83E1B3C6A404136DEF1677D69F5D9C75197D95392AC90AF9F13829913E335702,PASS,,tbbo,TBBO,L1_TRADE_SPACE_AUTHORITY,2,18761,2025-09-17T00:02:23.010299311+00:00,2025-09-17T23:59:45.638253041+00:00,86242.627953,0,18761,100.0,0.20000000000004547,0.6000000000000227,1.2000000000000455,3.0,15.0,4.0,56.0,7.0,5.0,0.45454545454545453,303.829323,14351.313398199994,3628757.756222,0.21753743415871163,0.341044776119403,335.969,9679.559199999894,1.0,1.0,2,,2025-09-17 23:59:45.638253041+00:00,,2025-09-17 19:59:45.638253041-04:00,2025-09-14|2025-09-17|2025-09,SEP_2025,False,False,False
C:\FLIP_FLOP_HQ\01_INBOX\market_data\raw\BLOCK_2025_09_14_TO_09_19\EXTRACTED_696a2d5ed7ad\glbx-mdp3-20250917.tbbo.NQU5.dbn.zst,glbx-mdp3-20250917.tbbo.NQU5.dbn.zst,DBN_HIGH_DETAIL,B5392FFAE28C5385CB56EADFF2BB7E97D2E4DD51041BDEC635BE5891213778EE,PASS,,tbbo,TBBO,L1_TRADE_SPACE_AUTHORITY,2,78779,2025-09-17T00:00:00.499088521+00:00,2025-09-17T23:59:56.992775631+00:00,86396.493687,0,78779,100.0,3.0,5.0,12.0,127.0,3.0,2.0,5.0,1.0,1.0,0.3333333333333333,87.103691,4689.701662699972,3605191.742318,0.9118309857041549,0.7715732818807282,529.2080000000001,11155.579,1.0,1.0,2,,2025-09-17 23:59:56.992775631+00:00,,2025-09-17 19:59:56.992775631-04:00,2025-09-14|2025-09-17|2025-09,SEP_2025,False,False,False
C:\FLIP_FLOP_HQ\01_INBOX\market_data\raw\BLOCK_2025_09_14_TO_09_19\EXTRACTED_696a2d5ed7ad\glbx-mdp3-20250917.tbbo.NQZ5-NQH6.dbn.zst,glbx-mdp3-20250917.tbbo.NQZ5-NQH6.dbn.zst,DBN_HIGH_DETAIL,3CAB016DB55B663BC89AD21B74B4A68BCA1317DF735FC232EC17E6C95CABDB8B,PASS,,tbbo,TBBO,L1_TRADE_SPACE_AUTHORITY,2,20,2025-09-17T13:37:47.467464789+00:00,2025-09-17T19:05:00.242776955+00:00,19632.775312,0,20,100.0,13.900000000000034,31.079999999999966,34.57199999999997,34.799999999999955,8.0,2.0,18.900000000000013,1.0,7.0,0.5185185185185185,139047.127168,3888327.9791977876,9132388.55891,0.0010187046753280745,0.7894736842105263,489.16249999999997,784670.12835,1.0,1.0,2,,2025-09-17 19:05:00.242776955+00:00,,2025-09-17 15:05:00.242776955-04:00,2025-09-14|2025-09-17|2025-09,SEP_2025,False,False,False
C:\FLIP_FLOP_HQ\01_INBOX\market_data\raw\BLOCK_2025_09_14_TO_09_19\EXTRACTED_696a2d5ed7ad\glbx-mdp3-20250917.tbbo.NQZ5.dbn.zst,glbx-mdp3-20250917.tbbo.NQZ5.dbn.zst,DBN_HIGH_DETAIL,8CC2F92505C1FD33256925263C6FF2B839BBEE64B1A4CFCF17D75C981BB6FAE5,PASS,,tbbo,TBBO,L1_TRADE_SPACE_AUTHORITY,2,369634,2025-09-17T00:00:00.497708661+00:00,2025-09-17T23:59:44.187053281+00:00,86383.689344,0,369633,99.99972946211658,2.0,4.0,9.0,124.0,4.0,2.0,8.0,2.0,2.0,0.3333333333333333,11.302568,809.0534375999998,3601114.760099,4.278979085137602,0.6989952168643407,325.2495,35699.85659999965,1.0,1.0,2,,2025-09-17 23:59:44.187053281+00:00,,2025-09-17 19:59:44.187053281-04:00,2025-09-14|2025-09-17|2025-09,SEP_2025,False,False,False
C:\FLIP_FLOP_HQ\01_INBOX\market_data\raw\BLOCK_2025_09_14_TO_09_19\EXTRACTED_696a2d5ed7ad\glbx-mdp3-20250918.tbbo.NQH6.dbn.zst,glbx-mdp3-20250918.tbbo.NQH6.dbn.zst,DBN_HIGH_DETAIL,C7E85DBB6A4E2E8CD240B48D0DF83CF8FEA13C85B99891A4F8717A208F40399F,PASS,,tbbo,TBBO,L1_TRADE_SPACE_AUTHORITY,2,79,2025-09-18T00:06:22.523671705+00:00,2025-09-18T23:13:32.713566645+00:00,83230.189894,0,79,100.0,15.0,33.80000000000001,61.15999999999997,83.0,5.0,2.8000000000000007,8.600000000000009,3.0,2.0,0.3333333333333333,143838.21844,6618438.257518398,11911784.186078,0.0009491748138579587,0.8076923076923077,333.949,45121.15769999994,1.0,1.0,2,,2025-09-18 23:13:32.713566645+00:00,,2025-09-18 19:13:32.713566645-04:00,2025-09-14|2025-09-18|2025-09,SEP_2025,False,False,False
C:\FLIP_FLOP_HQ\01_INBOX\market_data\raw\BLOCK_2025_09_14_TO_09_19\EXTRACTED_696a2d5ed7ad\glbx-mdp3-20250918.tbbo.NQU5-NQH6.dbn.zst,glbx-mdp3-20250918.tbbo.NQU5-NQH6.dbn.zst,DBN_HIGH_DETAIL,78FAF565DC73FEC2EAC0B3860618087191207F588F2410524A82A90D89E8C1F1,PASS,,tbbo,TBBO,L1_TRADE_SPACE_AUTHORITY,2,23,2025-09-18T12:45:23.796977797+00:00,2025-09-18T15:33:16.379737767+00:00,10072.582759,0,23,100.0,8.200000000000045,28.519999999999982,30.760000000000048,31.200000000000045,3.0,2.0,5.0,1.0,2.0,0.3333333333333333,24801.190085,1964556.3490496997,2515144.042556,0.0022834262621917066,0.5909090909090909,333.913,460.2167,1.0,1.0,2,,2025-09-18 15:33:16.379737767+00:00,,2025-09-18 11:33:16.379737767-04:00,2025-09-14|2025-09-18|2025-09,SEP_2025,False,False,False
C:\FLIP_FLOP_HQ\01_INBOX\market_data\raw\BLOCK_2025_09_14_TO_09_19\EXTRACTED_696a2d5ed7ad\glbx-mdp3-20250918.tbbo.NQU5-NQZ5.dbn.zst,glbx-mdp3-20250918.tbbo.NQU5-NQZ5.dbn.zst,DBN_HIGH_DETAIL,FDAE8670EDA74F9676F3A12A7E6D97D02537A78E7A24FDED972882DE18CB58CC,PASS,,tbbo,TBBO,L1_TRADE_SPACE_AUTHORITY,2,11044,2025-09-18T00:00:11.552288041+00:00,2025-09-18T23:58:32.006645691+00:00,86300.454357,0,11043,99.99094530967041,0.39999999999997726,1.1999999999999318,2.7999999999999545,5.399999999999977,11.0,4.0,55.0,5.0,4.0,0.5,1100.68024,23891.4871646,3601697.079847,0.12797151628326509,0.38172432530338707,333.428,1285.574,1.0,1.0,2,,2025-09-18 23:58:32.006645691+00:00,,2025-09-18 19:58:32.006645691-04:00,2025-09-14|2025-09-18|2025-09,SEP_2025,False,False,False
C:\FLIP_FLOP_HQ\01_INBOX\market_data\raw\BLOCK_2025_09_14_TO_09_19\EXTRACTED_696a2d5ed7ad\glbx-mdp3-20250918.tbbo.NQU5.dbn.zst,glbx-mdp3-20250918.tbbo.NQU5.dbn.zst,DBN_HIGH_DETAIL,096695AD6F71F6339D9ED647D5124F68930F375A34126602938A32B081B0D800,PASS,,tbbo,TBBO,L1_TRADE_SPACE_AUTHORITY,2,48127,2025-09-18T00:00:00.511025783+00:00,2025-09-18T23:59:57.472882843+00:00,86396.961857,0,48126,99.99792216427369,2.0,4.0,8.0,63.0,3.0,2.0,5.0,1.0,1.0,0.3333333333333333,228.504656,7746.0690575,3616749.741913,0.557045050723629,0.7819220779220779,375.665,3734.9810999999972,1.0,1.0,2,,2025-09-18 23:59:57.472882843+00:00,,2025-09-18 19:59:57.472882843-04:00,2025-09-14|2025-09-18|2025-09,SEP_2025,False,False,False
C:\FLIP_FLOP_HQ\01_INBOX\market_data\raw\BLOCK_2025_09_14_TO_09_19\EXTRACTED_696a2d5ed7ad\glbx-mdp3-20250918.tbbo.NQZ5-NQH6.dbn.zst,glbx-mdp3-20250918.tbbo.NQZ5-NQH6.dbn.zst,DBN_HIGH_DETAIL,C6456BEEE54E592F4EE271B88FC6CBD5B6CC7D48E4244284EAA2CD84C58CF241,PASS,,tbbo,TBBO,L1_TRADE_SPACE_AUTHORITY,2,63,2025-09-18T04:32:11.188929285+00:00,2025-09-18T20:36:57.065908779+00:00,57885.876979,0,63,100.0,11.0,17.119999999999987,23.42800000000001,30.0,3.0,2.0,7.0,2.0,1.0,0.3333333333333333,33050.676728,4049024.1709715957,23959145.103248,0.0010883483724856637,0.8387096774193549,363.314,572.7895999999998,1.0,1.0,2,,2025-09-18 20:36:57.065908779+00:00,,2025-09-18 16:36:57.065908779-04:00,2025-09-14|2025-09-18|2025-09,SEP_2025,False,False,False
C:\FLIP_FLOP_HQ\01_INBOX\market_data\raw\BLOCK_2025_09_14_TO_09_19\EXTRACTED_696a2d5ed7ad\glbx-mdp3-20250918.tbbo.NQZ5.dbn.zst,glbx-mdp3-20250918.tbbo.NQZ5.dbn.zst,DBN_HIGH_DETAIL,3D6FBA0DE9B98992E2944C832A7B5D2D250CC3322262084DA6DD48857496CB2D,PASS,,tbbo,TBBO,L1_TRADE_SPACE_AUTHORITY,2,331877,2025-09-18T00:00:00.054296839+00:00,2025-09-18T23:59:59.736483905+00:00,86399.682187,0,331876,99.99969868354842,2.0,3.0,4.0,66.0,4.0,2.0,8.0,2.0,2.0,0.3333333333333333,18.24794,1079.726516,3601014.784397,3.8411831108556482,0.6693453860640302,274.091,2146.2754000000014,1.0,1.0,2,,2025-09-18 23:59:59.736483905+00:00,,2025-09-18 19:59:59.736483905-04:00,2025-09-14|2025-09-18|2025-09,SEP_2025,False,False,False
C:\FLIP_FLOP_HQ\01_INBOX\market_data\raw\BLOCK_2025_09_14_TO_09_19\EXTRACTED_696a2d5ed7ad\glbx-mdp3-20250919.tbbo.NQH6.dbn.zst,glbx-mdp3-20250919.tbbo.NQH6.dbn.zst,DBN_HIGH_DETAIL,D7075B1511A73D0BF009EA2FFFA8FA72E5C0DDBD8514474021960A32F79F506E,PASS,,tbbo,TBBO,L1_TRADE_SPACE_AUTHORITY,2,143,2025-09-19T01:02:51.330426475+00:00,2025-09-19T20:53:11.359608663+00:00,71420.029182,0,143,100.0,6.0,19.0,41.70000000000019,83.0,3.0,2.0,6.0,1.0,1.0,0.3333333333333333,56114.874741,2662596.0278739994,8787312.126568,0.0020022394507231635,0.8028169014084507,471.49,18251.9,1.0,1.0,2,,2025-09-19 20:53:11.359608663+00:00,,2025-09-19 16:53:11.359608663-04:00,2025-09-14|2025-09-19|2025-09,SEP_2025,False,False,False
C:\FLIP_FLOP_HQ\01_INBOX\market_data\raw\BLOCK_2025_09_14_TO_09_19\EXTRACTED_696a2d5ed7ad\glbx-mdp3-20250919.tbbo.NQM6.dbn.zst,glbx-mdp3-20250919.tbbo.NQM6.dbn.zst,DBN_HIGH_DETAIL,BAA69E126B522105A7DF7233FCF178A0735577275744D972296E8D63E07D9889,PASS,,tbbo,TBBO,L1_TRADE_SPACE_AUTHORITY,2,1,2025-09-19T18:01:24.538430901+00:00,2025-09-19T18:01:24.538430901+00:00,0.0,0,1,100.0,86.0,86.0,86.0,86.0,7.0,7.0,7.0,3.0,4.0,0.14285714285714285,,,,,,244.423,244.423,1.0,1.0,2,,2025-09-19 18:01:24.538430901+00:00,,2025-09-19 14:01:24.538430901-04:00,2025-09-14|2025-09-19|2025-09,SEP_2025,False,False,False
C:\FLIP_FLOP_HQ\01_INBOX\market_data\raw\BLOCK_2025_09_14_TO_09_19\EXTRACTED_696a2d5ed7ad\glbx-mdp3-20250919.tbbo.NQU5-NQZ5.dbn.zst,glbx-mdp3-20250919.tbbo.NQU5-NQZ5.dbn.zst,DBN_HIGH_DETAIL,E00746FBDB212FB72D98FCC7A63ADA9622F3CE62F5CC60D41E3F56A584D2B226,PASS,,tbbo,TBBO,L1_TRADE_SPACE_AUTHORITY,2,1648,2025-09-19T00:03:22.084580513+00:00,2025-09-19T13:29:58.011511121+00:00,48395.92693,0,1647,99.93932038834951,1.0,4.399999999999977,41.60000000000002,73.0,4.0,2.0,24.0,2.0,2.0,0.3333333333333333,6488.86287,135430.77841839983,583682.194046,0.03405245243848044,0.5097205346294046,357.0685,2354.188099999993,1.0,1.0,2,,2025-09-19 13:29:58.011511121+00:00,,2025-09-19 09:29:58.011511121-04:00,2025-09-14|2025-09-19|2025-09,SEP_2025,False,False,False
C:\FLIP_FLOP_HQ\01_INBOX\market_data\raw\BLOCK_2025_09_14_TO_09_19\EXTRACTED_696a2d5ed7ad\glbx-mdp3-20250919.tbbo.NQU5.dbn.zst,glbx-mdp3-20250919.tbbo.NQU5.dbn.zst,DBN_HIGH_DETAIL,446462A3402CEC6565DF57575B18E329888444E10308057ED32E1E8241F9A45C,PASS,,tbbo,TBBO,L1_TRADE_SPACE_AUTHORITY,2,1533,2025-09-19T00:02:22.927917377+00:00,2025-09-19T13:29:54.643817769+00:00,48451.7159,0,1533,100.0,5.0,9.0,24.680000000000064,62.0,3.0,2.0,9.0,1.0,1.0,0.3333333333333333,1819.3063419999999,158999.27069360003,553656.035498,0.031639746323205035,0.6788511749347258,315.004,3030.8208,1.0,1.0,2,,2025-09-19 13:29:54.643817769+00:00,,2025-09-19 09:29:54.643817769-04:00,2025-09-14|2025-09-19|2025-09,SEP_2025,False,False,False
C:\FLIP_FLOP_HQ\01_INBOX\market_data\raw\BLOCK_2025_09_14_TO_09_19\EXTRACTED_696a2d5ed7ad\glbx-mdp3-20250919.tbbo.NQZ5-NQH6.dbn.zst,glbx-mdp3-20250919.tbbo.NQZ5-NQH6.dbn.zst,DBN_HIGH_DETAIL,09EF5532DF2E88EF246359765C196F84E11CAD04AA0F2C885881B5E22A8CADF0,PASS,,tbbo,TBBO,L1_TRADE_SPACE_AUTHORITY,2,85,2025-09-19T05:06:03.441655629+00:00,2025-09-19T20:36:40.278265909+00:00,55836.83661,0,85,100.0,7.0,11.320000000000006,14.263999999999927,14.599999999999909,4.0,2.0,17.60000000000001,3.0,1.0,0.5,51714.205939,3729269.2480686987,9762844.140452,0.0015222925430696244,0.8214285714285714,348.28,5303.458999999988,1.0,1.0,2,,2025-09-19 20:36:40.278265909+00:00,,2025-09-19 16:36:40.278265909-04:00,2025-09-14|2025-09-19|2025-09,SEP_2025,False,False,False
C:\FLIP_FLOP_HQ\01_INBOX\market_data\raw\BLOCK_2025_09_14_TO_09_19\EXTRACTED_696a2d5ed7ad\glbx-mdp3-20250919.tbbo.NQZ5-NQM6.dbn.zst,glbx-mdp3-20250919.tbbo.NQZ5-NQM6.dbn.zst,DBN_HIGH_DETAIL,D1A2CEA6F22A56FDBBC02BFB20F32952B1FE367E81D95F366F8C5A08B5D98651,PASS,,tbbo,TBBO,L1_TRADE_SPACE_AUTHORITY,2,1,2025-09-19T20:33:27.164091925+00:00,2025-09-19T20:33:27.164091925+00:00,0.0,0,1,100.0,292.20000000000005,292.20000000000005,292.20000000000005,292.20000000000005,3.0,3.0,3.0,2.0,1.0,0.3333333333333333,,,,,,385.105,385.105,1.0,1.0,2,,2025-09-19 20:33:27.164091925+00:00,,2025-09-19 16:33:27.164091925-04:00,2025-09-14|2025-09-19|2025-09,SEP_2025,False,False,False
C:\FLIP_FLOP_HQ\01_INBOX\market_data\raw\BLOCK_2025_09_14_TO_09_19\EXTRACTED_696a2d5ed7ad\glbx-mdp3-20250919.tbbo.NQZ5.dbn.zst,glbx-mdp3-20250919.tbbo.NQZ5.dbn.zst,DBN_HIGH_DETAIL,9D2DBA90BAEAFDE5DCB76488DF1911669F7F2868B3A55F4093A0A42BCB7F7C2B,PASS,,tbbo,TBBO,L1_TRADE_SPACE_AUTHORITY,2,299109,2025-09-19T00:00:00.052952529+00:00,2025-09-19T20:59:59.698146129+00:00,75599.645193,0,299109,100.0,2.0,2.0,4.0,34.0,5.0,2.0,10.0,2.0,2.0,0.3333333333333333,17.402593,1083.598656399997,73481.371728,3.956486822608731,0.6423064578680611,256.403,1526.3245999999997,1.0,1.0,2,,2025-09-19 20:59:59.698146129+00:00,,2025-09-19 16:59:59.698146129-04:00,2025-09-14|2025-09-19|2025-09,SEP_2025,False,False,False
C:\FLIP_FLOP_HQ\01_INBOX\market_data\raw\COVID_2020_03_16\EXTRACTED_c77e649a361f\glbx-mdp3-20200316.tbbo.NQH0-NQM0.dbn.zst,glbx-mdp3-20200316.tbbo.NQH0-NQM0.dbn.zst,DBN_HIGH_DETAIL,FFF496109991EBBA4559E7813FCBA3626B2F99F400547E2371DDC7D6CE33D497,PASS,,tbbo,TBBO,L1_TRADE_SPACE_AUTHORITY,2,27426,2020-03-16T00:03:59.557972357+00:00,2020-03-16T23:59:23.610166781+00:00,86124.052194,0,0,0.0,,,,,,,,,,,290.323622,5000.4560232,14292136.313968,0.31844762643333546,,330.8505,2172.8559999999998,1.0,1.0,2,,2020-03-16 23:59:23.610166781+00:00,,2020-03-16 19:59:23.610166781-04:00,2020-03-16|2020-03,COVID_2020,False,False,False
C:\FLIP_FLOP_HQ\01_INBOX\market_data\raw\COVID_2020_03_16\EXTRACTED_c77e649a361f\glbx-mdp3-20200316.tbbo.NQH0-NQU0.dbn.zst,glbx-mdp3-20200316.tbbo.NQH0-NQU0.dbn.zst,DBN_HIGH_DETAIL,706DCD0C9FC25DD26A7BB4C7C7BDE20430EF63381FAED6A83115374C7FC92F78,PASS,,tbbo,TBBO,L1_TRADE_SPACE_AUTHORITY,2,21,2020-03-16T14:13:11.040624879+00:00,2020-03-16T16:50:00.162234343+00:00,9409.121609,0,1,4.761904761904762,24.0,24.0,24.0,24.0,2.0,2.0,2.0,1.0,1.0,0.0,0.8437859999999999,1849869.247067003,5876867.624998,0.0022318767758207217,,380.309,732.777,1.0,1.0,2,,2020-03-16 16:50:00.162234343+00:00,,2020-03-16 12:50:00.162234343-04:00,2020-03-16|2020-03,COVID_2020,False,False,False
C:\FLIP_FLOP_HQ\01_INBOX\market_data\raw\COVID_2020_03_16\EXTRACTED_c77e649a361f\glbx-mdp3-20200316.tbbo.NQH0.dbn.zst,glbx-mdp3-20200316.tbbo.NQH0.dbn.zst,DBN_HIGH_DETAIL,19F521C6A38890CFD33C66012064D6452DC35C7FEE08317895F35DA63F6DDC62,PASS,,tbbo,TBBO,L1_TRADE_SPACE_AUTHORITY,2,171689,2020-03-16T00:01:25.720418855+00:00,2020-03-16T23:59:58.650835447+00:00,86312.930416,0,171681,99.99534041202406,7.0,12.0,23.0,435.0,3.0,2.0,6.0,1.0,1.0,0.3333333333333333,17.609987,843.2383526999995,4867803.167664,1.989145764980002,0.7178180335507922,316.231,2223.872,1.0,1.0,2,,2020-03-16 23:59:58.650835447+00:00,,2020-03-16 19:59:58.650835447-04:00,2020-03-16|2020-03,COVID_2020,False,False,False
C:\FLIP_FLOP_HQ\01_INBOX\market_data\raw\COVID_2020_03_16\EXTRACTED_c77e649a361f\glbx-mdp3-20200316.tbbo.NQM0-NQU0.dbn.zst,glbx-mdp3-20200316.tbbo.NQM0-NQU0.dbn.zst,DBN_HIGH_DETAIL,290FE3729D6661AEB4F817BDAE239D5B79AF369EF4A845ADA77373CF58E23649,PASS,,tbbo,TBBO,L1_TRADE_SPACE_AUTHORITY,2,93,2020-03-16T13:56:28.487019741+00:00,2020-03-16T20:36:26.669934727+00:00,23998.182914,0,39,41.935483870967744,132.8,155.4,155.60000000000002,155.60000000000002,3.0,2.0,6.0,2.0,1.0,0.2,26653.781277000002,1064708.1947784002,6125589.554198,0.0038752934058914057,0.5789473684210527,306.776,812.6773999999999,1.0,1.0,2,,2020-03-16 20:36:26.669934727+00:00,,2020-03-16 16:36:26.669934727-04:00,2020-03-16|2020-03,COVID_2020,False,False,False
C:\FLIP_FLOP_HQ\01_INBOX\market_data\raw\COVID_2020_03_16\EXTRACTED_c77e649a361f\glbx-mdp3-20200316.tbbo.NQM0.dbn.zst,glbx-mdp3-20200316.tbbo.NQM0.dbn.zst,DBN_HIGH_DETAIL,09752B2571A02DE3ADFD7DF8F0E704504DA5199A9732D19CAAB3933ED3B35861,PASS,,tbbo,TBBO,L1_TRADE_SPACE_AUTHORITY,2,254934,2020-03-16T00:01:00.030733251+00:00,2020-03-16T23:59:58.624015667+00:00,86338.593282,0,254927,99.99725419128087,5.0,11.0,17.0,164.0,3.0,2.0,6.0,1.0,1.0,0.2,2.198302,603.3816163999999,6342617.867208,2.952723577130009,0.7277837490095165,324.85900000000004,2634.793,1.0,1.0,2,,2020-03-16 23:59:58.624015667+00:00,,2020-03-16 19:59:58.624015667-04:00,2020-03-16|2020-03,COVID_2020,False,False,False
C:\FLIP_FLOP_HQ\01_INBOX\market_data\raw\COVID_2020_03_16\EXTRACTED_c77e649a361f\glbx-mdp3-20200316.tbbo.NQU0.dbn.zst,glbx-mdp3-20200316.tbbo.NQU0.dbn.zst,DBN_HIGH_DETAIL,2447B6A79127A3104FB0B00F35D2BF75022E9BD84C8E04961A8B64CE3073267E,PASS,,tbbo,TBBO,L1_TRADE_SPACE_AUTHORITY,2,334,2020-03-16T13:50:09.045880229+00:00,2020-03-16T22:53:39.919043555+00:00,32610.873163,0,334,100.0,16.0,96.0,621.34,622.0,15.0,3.0,27.0,11.0,2.0,0.7142857142857143,515.067846,478979.47091999993,4392962.671368,0.01024198273779904,0.39039039039039036,313.12649999999996,2602.4918999999963,1.0,1.0,2,,2020-03-16 22:53:39.919043555+00:00,,2020-03-16 18:53:39.919043555-04:00,2020-03-16|2020-03,COVID_2020,False,False,False
C:\FLIP_FLOP_HQ\01_INBOX\market_data\raw\COVID_2020_03_16\EXTRACTED_c77e649a361f\glbx-mdp3-20200317.tbbo.NQH0-NQM0.dbn.zst,glbx-mdp3-20200317.tbbo.NQH0-NQM0.dbn.zst,DBN_HIGH_DETAIL,D970A37901494E1580FB2F9C5D010C123B40C3D5F6B7928D2DE46B7FF92314E3,PASS,,tbbo,TBBO,L1_TRADE_SPACE_AUTHORITY,2,24260,2020-03-17T00:01:35.953730651+00:00,2020-03-17T23:59:28.462008283+00:00,86272.508277,0,0,0.0,,,,,,,,,,,293.994702,10736.752396599997,3652884.769662,0.2812019782954154,,368.75199999999995,2870.780799999998,1.0,1.0,2,,2020-03-17 23:59:28.462008283+00:00,,2020-03-17 19:59:28.462008283-04:00,2020-03-16|2020-03-17|2020-03,COVID_2020,False,False,False
C:\FLIP_FLOP_HQ\01_INBOX\market_data\raw\COVID_2020_03_16\EXTRACTED_c77e649a361f\glbx-mdp3-20200317.tbbo.NQH0.dbn.zst,glbx-mdp3-20200317.tbbo.NQH0.dbn.zst,DBN_HIGH_DETAIL,D20FBAC24E3603ADF04508617482C032F91D5C45CF1B85353DDCCF3F19BBAE1C,PASS,,tbbo,TBBO,L1_TRADE_SPACE_AUTHORITY,2,173079,2020-03-17T00:00:00.011624105+00:00,2020-03-17T23:59:58.369495131+00:00,86398.357871,0,173074,99.99711114577737,8.0,13.0,22.0,85.0,3.0,2.0,6.0,1.0,1.0,0.3333333333333333,41.411549,1453.1995895999994,3602561.922989,2.0032672410096204,0.7501112247433164,329.739,2773.557300000001,1.0,1.0,2,,2020-03-17 23:59:58.369495131+00:00,,2020-03-17 19:59:58.369495131-04:00,2020-03-16|2020-03-17|2020-03,COVID_2020,False,False,False
C:\FLIP_FLOP_HQ\01_INBOX\market_data\raw\COVID_2020_03_16\EXTRACTED_c77e649a361f\glbx-mdp3-20200317.tbbo.NQM0-NQU0.dbn.zst,glbx-mdp3-20200317.tbbo.NQM0-NQU0.dbn.zst,DBN_HIGH_DETAIL,ACC49970A6351861490ED6AE03A01E83722E7063AB985EA48C6C428643A81831,PASS,,tbbo,TBBO,L1_TRADE_SPACE_AUTHORITY,2,17,2020-03-17T13:50:15.379422069+00:00,2020-03-17T20:44:08.996582695+00:00,24833.61716,0,3,17.647058823529413,12.0,13.6,13.96,14.0,9.0,5.0,9.0,1.0,8.0,0.7777777777777778,698843.319397,4777589.4244845,7682965.748094,0.0006845559344203082,0.5,302.093,1208.1853999999996,1.0,1.0,2,,2020-03-17 20:44:08.996582695+00:00,,2020-03-17 16:44:08.996582695-04:00,2020-03-16|2020-03-17|2020-03,COVID_2020,False,False,False
C:\FLIP_FLOP_HQ\01_INBOX\market_data\raw\COVID_2020_03_16\EXTRACTED_c77e649a361f\glbx-mdp3-20200317.tbbo.NQM0-NQZ0.dbn.zst,glbx-mdp3-20200317.tbbo.NQM0-NQZ0.dbn.zst,DBN_HIGH_DETAIL,9C9B5D10CD27BADD52CC16089CF0908293FC59EBC56D9F9D15333A69CFC11017,PASS,,tbbo,TBBO,L1_TRADE_SPACE_AUTHORITY,2,8,2020-03-17T09:53:58.529254497+00:00,2020-03-17T14:43:06.600022219+00:00,17348.070767,0,0,0.0,,,,,,,,,,,0.0,9075807.912746198,9678466.706074,0.0004611463780294135,,503.56899999999996,536.507,1.0,1.0,2,,2020-03-17 14:43:06.600022219+00:00,,2020-03-17 10:43:06.600022219-04:00,2020-03-16|2020-03-17|2020-03,COVID_2020,False,False,False
C:\FLIP_FLOP_HQ\01_INBOX\market_data\raw\COVID_2020_03_16\EXTRACTED_c77e649a361f\glbx-mdp3-20200317.tbbo.NQM0.dbn.zst,glbx-mdp3-20200317.tbbo.NQM0.dbn.zst,DBN_HIGH_DETAIL,99BA47437C2102A7F2A171E1D78970BB2924891EA4CA28872394DA75DD9DFE15,PASS,,tbbo,TBBO,L1_TRADE_SPACE_AUTHORITY,2,346487,2020-03-17T00:00:00.011432283+00:00,2020-03-17T23:59:59.448129923+00:00,86399.436697,0,346484,99.99913416664982,6.0,12.0,18.0,84.0,3.0,2.0,6.0,1.0,1.0,0.3333333333333333,2.0538790000000002,746.326708,3600679.220855,4.010292349649438,0.7240326365218496,352.242,2922.913800000002,1.0,1.0,2,,2020-03-17 23:59:59.448129923+00:00,,2020-03-17 19:59:59.448129923-04:00,2020-03-16|2020-03-17|2020-03,COVID_2020,False,False,False
C:\FLIP_FLOP_HQ\01_INBOX\market_data\raw\COVID_2020_03_16\EXTRACTED_c77e649a361f\glbx-mdp3-20200317.tbbo.NQU0.dbn.zst,glbx-mdp3-20200317.tbbo.NQU0.dbn.zst,DBN_HIGH_DETAIL,A44DF884EE1FDBAD097C629E624C257B0D44A4EC677BB07C78A13BE020B59BC2,PASS,,tbbo,TBBO,L1_TRADE_SPACE_AUTHORITY,2,26,2020-03-17T12:55:12.300453819+00:00,2020-03-17T23:28:21.580404223+00:00,37989.27995,0,26,100.0,29.5,59.0,297.5,374.0,3.0,2.0,4.5,2.0,1.0,0.3333333333333333,618739.665366,4466570.812363596,12394151.743472,0.0006844036010743078,0.92,231.82999999999998,2396.4295,1.0,1.0,2,,2020-03-17 23:28:21.580404223+00:00,,2020-03-17 19:28:21.580404223-04:00,2020-03-16|2020-03-17|2020-03,COVID_2020,False,False,False
